8000000 294.96 0 1317100 722.439
8000000 294.96 100 2759900 42.517
8400000 298.38 0 1336100 715.563
8400000 298.38 100 2754000 44.996
8500000 299.22 0 1340700 713.827
8500000 299.22 100 2752400 45.624
8700000 300.87 0 1350000 710.429
8700000 300.87 100 2749300 46.891

2111688 215.13 0 921260 846.525
2111688 215.13 100 2798300 10.596
1704798 204.43 0 872470 859.476
1704798 204.43 100 2793500 8.598
2128963 215.55 0 923180 846.024
2128963 215.55 100 2798500 10.681
2630626 226.66 0 974660 831.739
2630626 226.66 100 2801500 13.164
2000000 212.36 0 908590 849.907
2000000 212.36 100 2797200 10.047
2200000 217.23 0 930950 843.882
2200000 217.23 100 2799100 11.032

1500000 198.28 0 844660 866.7
1500000 198.28 100 2789900 7.596
1572320 200.52 0 854780 864.08
1572320 200.52 100 2791300 7.9497
1600000 201.36 0 858560 863.11
1600000 201.36 100 2791700 8.085
1704798 204.43 0 872470 859.47
1704798 204.43 100 2793500 8.598
2000000 212.36 0 908590 849.91
2000000 212.36 100 2797200 10.047
